# Created by Octave 3.4.0, Mon Mar 05 16:34:02 2012 GST <ilia@darkstar>
# name: X
# type: matrix
# rows: 1
# columns: 3
 1 2 3


# name: Y
# type: matrix
# rows: 1
# columns: 3
 -1 0 1


# name: P
# type: matrix
# rows: 3
# columns: 3
 0.3 0.1 0
 0.1 0.2 0.1
 0 0.1 0.1


